import { IJointGroup, importantBits } from './joints'

export const poses: { [key: string]: { [idx: string]: number[][] } } = {
  left: {
    Snapshot: [
      [
        0, 0.0597573616411407, 0.05597039264670981, 0.05659221161806142,
        0.021291086461522148,
      ],
      [
        0.0597573616411407, 0, 0.015559802625893696, 0.03424524997676795,
        0.07717465219722047,
      ],
      [
        0.05597039264670981, 0.015559802625893696, 0, 0.018734438937208393,
        0.0728145490102279,
      ],
      [
        0.05659221161806142, 0.03424524997676795, 0.018734438937208393, 0,
        0.07180424849921677,
      ],
      [
        0.021291086461522148, 0.07717465219722047, 0.0728145490102279,
        0.07180424849921677, 0,
      ],
    ],
  },
  right: {
    Snapshot: [
      [
        0, 0.05221198691161727, 0.04325815601736576, 0.03896946691801054,
        0.030524475034856113,
      ],
      [
        0.05221198691161727, 0, 0.015093493997519908, 0.030224405545116555,
        0.04243716092474642,
      ],
      [
        0.04325815601736576, 0.015093493997519908, 0, 0.015283831243613369,
        0.02844230686577347,
      ],
      [
        0.03896946691801054, 0.030224405545116555, 0.015283831243613369, 0,
        0.015423297041377513,
      ],
      [
        0.030524475034856113, 0.04243716092474642, 0.02844230686577347,
        0.015423297041377513, 0,
      ],
    ],
    Walk1: [
      [
        0, 0.1079855212494816, 0.08207193276824938, 0.020798567760882188,
        0.03262642428795622,
      ],
      [
        0.1079855212494816, 0, 0.06550271568535172, 0.12008870697258106,
        0.1285862574302885,
      ],
      [
        0.08207193276824938, 0.06550271568535172, 0, 0.10087662547780488,
        0.11042267027232314,
      ],
      [
        0.020798567760882188, 0.12008870697258106, 0.10087662547780488, 0,
        0.013149101942110662,
      ],
      [
        0.03262642428795622, 0.1285862574302885, 0.11042267027232314,
        0.013149101942110662, 0,
      ],
    ],
    Walk2: [
      [
        0, 0.12017182696685748, 0.0329877597048749, 0.04412158688727415,
        0.055025740312271,
      ],
      [
        0.12017182696685748, 0, 0.10847151363909528, 0.1301119907579187,
        0.14122178513057074,
      ],
      [
        0.0329877597048749, 0.10847151363909528, 0, 0.027518716388127553,
        0.04124372590478418,
      ],
      [
        0.04412158688727415, 0.1301119907579187, 0.027518716388127553, 0,
        0.013770328951701612,
      ],
      [
        0.055025740312271, 0.14122178513057074, 0.04124372590478418,
        0.013770328951701612, 0,
      ],
    ],
  },
}

export function poseValue(hand: IJointGroup) {
  return importantBits.map((bit) =>
    importantBits.map((o_bit) =>
      hand.joints[bit].position.distanceTo(hand.joints[o_bit].position)
    )
  )
}
export function snapshotPose(hand: IJointGroup) {
  console.log(hand.handedness, JSON.stringify(poseValue(hand)))
}
